
0.03570556640625
0.03570556640625
0.03570556640625
0.03570556640625
0.5328369140625
0.5328369140625
0.5328369140625
0.5328369140625
0.20801925659179688
0.20801925659179688
0.20801925659179688
0.20801925659179688
0.030040740966796875
0.030040740966796875
0.030040740966796875
0.030040740966796875
0.035430908203125
0.035430908203125
0.035430908203125
0.035430908203125
0.03824615478515625
0.03824615478515625
0.03824615478515625
0.03824615478515625
0.6332244873046875
0.6332244873046875
0.6332244873046875
0.6332244873046875
1.1260299682617188
1.1260299682617188
0.5184860229492188
0.5184860229492188
0.4714851379394531
0.4714851379394531
0.500701904296875
0.500701904296875
1.0832176208496094
1.0832176208496094
1.1260299682617188
1.1260299682617188
0.5184860229492188
0.5184860229492188
0.4714851379394531
0.4714851379394531
0.500701904296875
0.500701904296875
1.0832176208496094
1.0832176208496094
0.45270538330078125
0.45270538330078125
0.45270538330078125
0.45270538330078125
0.1083526611328125
0.1083526611328125
0.1083526611328125
0.1083526611328125
1.1449470520019531
1.1449470520019531
1.190643310546875
1.190643310546875
1.1449470520019531
1.1449470520019531
1.190643310546875
1.190643310546875
0.267791748046875
0.267791748046875
0.267791748046875
0.267791748046875
0.5930213928222656
0.5930213928222656
0.5493850708007812
0.5493850708007812
0.5930213928222656
0.5930213928222656
0.5493850708007812
0.5493850708007812
0.5098342895507812
0.5098342895507812
0.5098342895507812
0.5098342895507812
0.44872283935546875
0.44872283935546875
0.44872283935546875
0.44872283935546875
0.5626373291015625
0.5626373291015625
0.5626373291015625
0.5626373291015625
0.6866798400878906
0.6866798400878906
0.6866798400878906
0.6866798400878906
0.9814453125
0.7136993408203125
0.7136993408203125
0.9814453125
0.7136993408203125
0.7136993408203125
0.8491401672363281
0.8491401672363281
0.8491401672363281
0.8491401672363281
0.5346908569335938
0.5346908569335938
0.5346908569335938
0.5346908569335938
0.20582199096679688
0.20582199096679688
0.20582199096679688
0.20582199096679688
0.14477920532226562
0.14477920532226562
0.12198257446289062
0.12198257446289062
0.14477920532226562
0.14477920532226562
0.12198257446289062
0.12198257446289062
0.056339263916015625
0.056339263916015625
0.056339263916015625
0.056339263916015625
0.053009033203125
0.053009033203125
0.053009033203125
0.053009033203125
0.20952987670898438
0.20952987670898438
0.20952987670898438
0.20952987670898438
0.14628982543945312
0.14628982543945312
0.14628982543945312
0.14628982543945312
0.20932388305664062
0.20932388305664062
0.20932388305664062
0.20932388305664062
0.15851211547851562
0.15851211547851562
0.1682281494140625
0.1682281494140625
0.15851211547851562
0.15851211547851562
0.1682281494140625
0.1682281494140625
0.14481353759765625
0.14481353759765625
0.14481353759765625
0.14481353759765625
0.1231842041015625
0.1231842041015625
0.1231842041015625
0.1231842041015625
0.18872451782226562
0.18872451782226562
0.18872451782226562
0.18872451782226562
0.11545944213867188
0.11545944213867188
0.21158981323242188
0.21158981323242188
0.11545944213867188
0.11545944213867188
0.21158981323242188
0.21158981323242188